#Algorithm Size Avg.Time Avg.Score
Genetic 2 0.009884953498840332 2.0
Genetic 3 0.008990168571472168 3.0
Genetic 4 0.012240290641784668 4.0
Genetic 5 0.0155259370803833 4.0
Genetic 6 0.01856529712677002 9.0
Genetic 7 0.02005457878112793 5.0
Genetic 8 0.022439956665039062 5.5
Genetic 9 0.02475571632385254 6.5
Genetic 10 0.027791500091552734 7.0
Genetic 11 0.05226564407348633 6.5
Genetic 12 0.0371241569519043 7.5
Genetic 13 0.04785752296447754 14.0
Genetic 14 0.05148112773895264 7.5
Genetic 15 0.059537410736083984 10.0
