#Algorithm Size Avg.Time Avg.Score
Genetic 2 0.011100411415100098 2.0
Genetic 3 0.007925271987915039 3.0
Genetic 4 0.012570738792419434 4.0
Genetic 5 0.014836430549621582 4.0
Genetic 6 0.01929616928100586 5.0
Genetic 7 0.020227789878845215 5.0
Genetic 8 0.02244555950164795 5.5
Genetic 9 0.0252608060836792 6.0
Genetic 10 0.02808070182800293 6.0
Genetic 11 0.033759117126464844 7.0
Genetic 12 0.03857684135437012 7.0
Genetic 13 0.04645884037017822 9.0
Genetic 14 0.05412912368774414 9.5
Genetic 15 0.06802701950073242 9.5
