#Algorithm Size Avg.Time Avg.Score
HillClimb 2 0.0007978677749633789 2.0
HillClimb 3 0.0016967058181762695 3.0
HillClimb 4 0.007556319236755371 4.0
HillClimb 5 0.008715629577636719 4.0
HillClimb 6 0.025449752807617188 4.5
HillClimb 7 0.10505449771881104 4.5
HillClimb 8 0.20674502849578857 5.0
HillClimb 9 0.4237302541732788 5.5
HillClimb 10 0.7697666883468628 6.0
HillClimb 11 1.8980190753936768 5.5
HillClimb 12 7.634989023208618 7.0
HillClimb 13 14.379697918891907 7.0
HillClimb 14 34.41097974777222 8.0
HillClimb 15 72.95690786838531 11.0
